Iteration,Alpha
0,"0.16698797843560054,0.16697674866502477,0.1668447913609125,0.16660382628382903,0.16634744152176972,0.16623921373286343"
1,"0.1675379994471027,0.16722554649417987,0.167139585922084,0.16630501255658187,0.16596290062701022,0.16582895495304134"
2,"0.16798859095624338,0.16724019583721214,0.1669921510358112,0.1661891971860652,0.16589758533192958,0.16569227965273842"
3,"0.16872026112891944,0.16713745426879065,0.1668517898907661,0.1661437164885895,0.1657196527972852,0.16542712542564916"
4,"0.16898778626937366,0.16687242423147444,0.1671720617607559,0.16588108706251153,0.16538261666832918,0.16570402400755535"
5,"0.1692572022376346,0.16741066833837978,0.16708625109258102,0.16566060738607527,0.16512406065562268,0.16546121028970662"
6,"0.16932133074041722,0.1670716670334232,0.16728708667220912,0.16573037902091353,0.16529101500662638,0.16529852152641045"
7,"0.16974027233743083,0.16752017908180045,0.16742438477110808,0.16545245792656688,0.1649840742038695,0.16487863167922423"
8,"0.17004122527380366,0.1679692330340214,0.1672792975970992,0.16535219857645705,0.16473930140150225,0.16461874411711652"
9,"0.17055041255821884,0.16826289366377764,0.16715031290061938,0.16517858386927486,0.16450376974596845,0.1643540272621408"
10,"0.17075580091331252,0.1689889367628822,0.1670681917797069,0.16493449457783285,0.16423579493926402,0.16401678102700146"
11,"0.1710661547689467,0.16946480939030015,0.16734017451259248,0.16472976470635184,0.1638273682913966,0.16357172833041228"
12,"0.17188765792744212,0.16992714633573477,0.1671451908382445,0.16438056617903757,0.1634704715455306,0.1631889671740104"
13,"0.17275075923792726,0.17051247780884543,0.16686943129091306,0.16397749950298465,0.16311161322127316,0.16277821893805638"
14,"0.1732224355880397,0.1711094484155369,0.16664053930317607,0.1636897195933547,0.16282681288274203,0.1625110442171505"
15,"0.17379958014976699,0.17140924608496355,0.16646552387524471,0.16345158253212358,0.16259469782675287,0.16227936953114827"
16,"0.1740711837651104,0.17188266934034535,0.16626729774842217,0.1631598936407133,0.16246962022824032,0.16214933527716846"
17,"0.17378504794659505,0.17230340252764806,0.16635233918866676,0.16294574591932634,0.16244255486025042,0.16217090955751337"
18,"0.17453967310438834,0.17253448238078492,0.16614623566945283,0.16267843084957323,0.16220830938254394,0.1618928686132568"
19,"0.17441874797041285,0.17253538293541795,0.16629069177573,0.1628078539668275,0.16219410424486985,0.16175321910674184"
20,"0.17419523103597156,0.1725729176945656,0.16643371815962185,0.16286098139032767,0.16249646341325488,0.16144068830625838"
21,"0.17420169019852247,0.1727508690866266,0.1665233785288614,0.16296864025800203,0.1622336010578073,0.1613218208701802"
22,"0.17433483352700743,0.17273134672328375,0.16634464193278498,0.16293351445402637,0.16222075981733508,0.1614349035455623"
23,"0.17396809400460822,0.1727522788261659,0.16625365182966165,0.1627903020742611,0.16252578089707648,0.16170989236822672"
24,"0.1747010547042446,0.1735335156624786,0.1662094257142284,0.1625414666288252,0.1618822186180314,0.1611323186721917"
25,"0.17479383319678043,0.17332702577070602,0.16630689380233005,0.16274422198686858,0.16175708692667248,0.1610709383166425"
26,"0.17540962752521427,0.17375942876065603,0.16620797816961075,0.16248040596458863,0.1614130680638109,0.16072949151611934"
27,"0.17537077466739134,0.17326739759024964,0.16625076696716398,0.16259033579939627,0.1616754997091224,0.16084522526667647"
28,"0.1756170068890708,0.1737926373868708,0.1664293252551552,0.16250061097393304,0.16122498445663858,0.16043543503833158"
29,"0.1759515074908769,0.17417622072622904,0.1664279272142238,0.1623342387775642,0.16094839345346382,0.16016171233764215"
30,"0.1762612547494552,0.17485074080994545,0.16656852861130586,0.16225295549256655,0.16039561765208263,0.15967090268464432"
31,"0.1766532673427493,0.1754954436947268,0.16668846057397985,0.16209031126811896,0.15986567378332375,0.15920684333710128"
32,"0.17746533196945355,0.17589025350126794,0.16689583016561085,0.16188516650704804,0.15921520406244746,0.15864821379417227"
33,"0.17787277581942376,0.1762411854325388,0.16693656271950597,0.1617778571916218,0.15877996112653534,0.1583916577103743"
34,"0.17739032994275455,0.17607390350337754,0.1670920518485022,0.16200032916837678,0.15904786218647643,0.1583955233505124"
35,"0.1775139909747077,0.17600740107024024,0.1673777103402002,0.16210433616608066,0.15847115607019885,0.15852540537857235"
36,"0.17710447155799222,0.17584973028786463,0.16743612591204698,0.16223628380957233,0.15863200917676493,0.15874137925575899"
37,"0.17742600417628498,0.17604337580542653,0.16740400479407028,0.16217808173541837,0.15836237967784228,0.15858615381095745"
38,"0.17741108803896985,0.1763170023319715,0.16726127890266493,0.16209973613186218,0.15832147738895175,0.15858941720557976"
39,"0.17750921333885814,0.17612294947593155,0.16687654813822173,0.16182324968458867,0.1587950787371016,0.1588729606252984"
40,"0.17750251501890227,0.1761707813223481,0.16695483489159335,0.16206650375067289,0.1586478042948609,0.1586575607216225"
41,"0.1779626086253338,0.1765606335383692,0.16686006205123505,0.1618373164493172,0.158383061967751,0.15839631736799367"
42,"0.17823264201359526,0.17678940259333745,0.16686348551973387,0.16181041694120396,0.15818831836901376,0.1581157345631157"
43,"0.1782211706112807,0.176654561501847,0.1669671449791429,0.16186504691330825,0.1581772116557631,0.1581148643386583"
44,"0.17872207596495077,0.17664125991886662,0.1667126636984502,0.16199353809533368,0.15798572161645572,0.15794474070594305"
45,"0.17923615847297142,0.17667383492605213,0.16657059596242677,0.1618884612134648,0.15785391721719913,0.1577770322078858"
46,"0.17920212509766073,0.17649928784061533,0.16653133696949943,0.16183971413500933,0.15798124712208494,0.1579462888351302"
47,"0.17925535886501395,0.17650385284235445,0.16634088918420215,0.16185027926327147,0.15792606616449653,0.1581235536806614"
48,"0.1797270879211396,0.176366154864797,0.1662946130347333,0.16171580568900037,0.1579453931180514,0.15795094537227827"
49,"0.18003089404212935,0.17646449330885147,0.16633727010261395,0.1616012214999892,0.15787393331894745,0.15769218772746854"
50,"0.18029293630139548,0.17678425995894392,0.1662903450031251,0.1615020901666546,0.15764464274327358,0.15748572582660736"
51,"0.18063573601268362,0.17681560279116754,0.1662501987513095,0.16152416341575188,0.15749101934955134,0.15728327967953606"
52,"0.1810847809512383,0.17681005105400277,0.16602193905178544,0.16123164245918928,0.1574900438304016,0.1573615426533826"
53,"0.1815287003721023,0.17698809853506298,0.16593986251226095,0.16100150934201912,0.15738588560834618,0.15715594363020846"
54,"0.18119046541047626,0.17691314559331803,0.16601301265247856,0.1610695866661114,0.1575047153571152,0.15730907432050048"
55,"0.1815723479511899,0.1773821219403219,0.16606124722825752,0.16100205320699762,0.15711966796402738,0.15686256170920554"
56,"0.18174723243618,0.1774275437958672,0.16612224346858118,0.16106519160591945,0.1569687843290541,0.15666900436439812"
57,"0.18216560321390265,0.17754146693555733,0.1660062603007016,0.16094322460132507,0.15674371298204387,0.15659973196646937"
58,"0.18206721805913156,0.17745244171710933,0.16608727907952864,0.16106390330973278,0.1567535665113069,0.1565755913231906"
59,"0.1819069182261933,0.17744596743045665,0.16612319317005336,0.16116864334572292,0.15686796759326643,0.15648731023430718"
60,"0.1817734215632684,0.1775623618147487,0.16616940132460103,0.16118867956717323,0.15668763769372782,0.15661849803648095"
61,"0.18222310296700803,0.17768318686019607,0.16605440348943665,0.16098123438706416,0.15655937102952852,0.15649870126676654"
62,"0.18202761736759646,0.17775071857001634,0.16612649751982153,0.16111177073932298,0.156566675562092,0.15641672024115064"
63,"0.18204941582178505,0.17787459600970276,0.16607638403342684,0.16116145374024093,0.15651551576587663,0.1563226346289677"
64,"0.18212050354063208,0.17768711465378806,0.16617544855895802,0.16119894790130604,0.1563884187327515,0.15642956661256432"
65,"0.18285694465523314,0.1778119406278015,0.1660473210374101,0.1609868377797229,0.15612195251896152,0.1561750033808708"
66,"0.1829434685318832,0.1778792734761114,0.16610109574852075,0.1609121372692734,0.15605847956670224,0.15610554540750898"
67,"0.18332026724996714,0.17816998655374508,0.16615005727660417,0.16066937071025397,0.15583428224272247,0.15585603596670722"
68,"0.18326710651817915,0.17815656304385222,0.16612649019110093,0.16073135654234577,0.1558025521048902,0.1559159315996317"
69,"0.18297786830206697,0.1783356190048911,0.16622594536077792,0.16074620620595054,0.1558264421955062,0.15588791893080722"
70,"0.18301639992340457,0.1784079970353556,0.16623053927655956,0.1605917111148522,0.1558977792002837,0.15585557344954443"
71,"0.18310216344230615,0.1785051422026565,0.16622254000418257,0.16061258772172518,0.1557983449912775,0.15575922163785202"
72,"0.18362296766592953,0.17867726888837523,0.16613417161460542,0.16043002040392884,0.15558171205469085,0.15555385937247027"
73,"0.1833429979426531,0.17890271910059524,0.1661558072904867,0.1604858091391231,0.15554775857067052,0.15556490795647138"
74,"0.1832956600908776,0.1791373568940574,0.16607037675706535,0.16055425931588022,0.15560029719316568,0.1553420497489538"
75,"0.1833833176072833,0.1794299317410711,0.16588384067650755,0.1605285905990588,0.15546293097432726,0.155311388401752"
76,"0.18364620323757097,0.17960566361668917,0.16570021234254526,0.1604282144964247,0.15529591325802578,0.15532379304874414"
77,"0.18397973380580807,0.1802007005283991,0.1654823269121601,0.16010344219917413,0.15500352548078414,0.1552302710736745"
78,"0.184157283181226,0.18001505471147494,0.16546683145434546,0.15999652859670677,0.1550317571417038,0.15533254491454296"
79,"0.18440469928472364,0.17974919903479267,0.1653397697711724,0.16012327922790703,0.15492736821124994,0.15545568447015434"
80,"0.18477715807286685,0.1799520591466679,0.16525225080844952,0.15990260459470834,0.15478626326023126,0.15532966411707605"
81,"0.18525841296172815,0.17969659639764388,0.16517646322784074,0.15981842918877923,0.15476704228777166,0.15528305593623618"
82,"0.18554246332260477,0.17948599322821573,0.16525343748331225,0.15974858228680694,0.1547615444772522,0.15520797920180807"
83,"0.1860231804121168,0.17962409364265128,0.16527757952322913,0.1595339679492862,0.15454082775158823,0.15500035072112844"
84,"0.1865472420846189,0.17927679171654323,0.1652175111107705,0.1595463729482155,0.15450488205108143,0.15490720008877046"
85,"0.18682583557366098,0.17897312305212013,0.1651488045859578,0.15966659889548576,0.1545529648767866,0.15483267301598885"
86,"0.18698122814403598,0.17872831652941967,0.16532849444215855,0.159747077935738,0.15473297522514481,0.1544819077235031"
87,"0.18688517997103435,0.1787502322317809,0.16527900390152128,0.15982694940445236,0.15479088526042892,0.1544677492307822"
88,"0.18677465913108843,0.1785814093588614,0.16528618731922134,0.15990168651375405,0.1547094173185284,0.1547466403585463"
89,"0.1870476631917074,0.1787415546054361,0.16514329812589643,0.15977940246943279,0.1546253001722503,0.15466278143527706"
90,"0.18743744073216267,0.17927308996625602,0.165163244680185,0.15940506585451553,0.15431002486117346,0.15441113390570724"
91,"0.18767119590172196,0.17920501383693244,0.16513422957429197,0.15936137558571195,0.1542437707344309,0.15438441436691072"
92,"0.18754057129526816,0.17916624203443646,0.16519242500000414,0.15939900383841812,0.1542837485705493,0.15441800926132387"
93,"0.18730714506043464,0.1793039994177845,0.1653325675401109,0.15942273949709848,0.15424877191021993,0.15438477657435162"
94,"0.18767453451826177,0.18011374594289378,0.16542729164959283,0.15909821494422963,0.15380633258229134,0.15387988036273065"
95,"0.1872874405434735,0.18020532463720798,0.16538993299310134,0.15916515975390214,0.15396275150951547,0.15398939056279956"
96,"0.18751392054569063,0.18025324176639995,0.16544791749686752,0.15901433407736143,0.1538505713538019,0.15392001475987857"
97,"0.18771559693882647,0.18000042358315482,0.16536205982850471,0.15902466244476526,0.15388254750909167,0.15401470969565692"
98,"0.1876501367863022,0.1802643909598509,0.16539801141143592,0.15894582142665004,0.153782722723284,0.1539589166924769"
99,"0.1874056135682793,0.18023959776071893,0.1655362031665051,0.15901200614535796,0.15384841180937983,0.15395816754975894"
100,"0.1873097532374122,0.18021983656440047,0.16569454857072133,0.15911867658674905,0.1537814909212259,0.153875694119491"
101,"0.18707364059192444,0.17959668625210162,0.1657578356514311,0.15950926751189337,0.1541474220296281,0.1539151479630213"
102,"0.1878861205577364,0.1799245569265894,0.16551475571496474,0.1592343721047571,0.15383866499698162,0.15360152969897078"
103,"0.18826501160143722,0.17988838746808264,0.16543578158655212,0.15914400289007807,0.15373714964904578,0.1535296668048042"
104,"0.18798156982477784,0.180005602204127,0.1655902293991033,0.15909654182550925,0.15382466137625414,0.15350139537022844"
105,"0.18789113746341468,0.17961205096430083,0.16541253238361536,0.15937434624560443,0.15410381209018378,0.15360612085288103"
106,"0.18860553914310318,0.17985644914885934,0.16543256715823595,0.15916745838201943,0.1537275756626344,0.15321041050514767"
107,"0.18875502207486688,0.17977973001358638,0.1657497532423487,0.15924962841122323,0.1535316678858844,0.15293419837209035"
108,"0.1891853920881664,0.17984928533916214,0.16535875963281255,0.15925173298990622,0.15332816452358197,0.15302666542637075"
109,"0.1891636163388792,0.1802623532298554,0.1657392292103143,0.15925101252851,0.15291175659096545,0.15267203210147562"
110,"0.18973995959041776,0.180623319686746,0.16605917184178237,0.15906047362540957,0.15239002093699125,0.15212705431865303"
111,"0.19033743292979907,0.18084044447265377,0.16597384148734845,0.15889883232945448,0.15210967643442602,0.15183977234631826"
112,"0.19026074743260665,0.18081792492775633,0.16611242021009895,0.15889176818837902,0.15217301190413204,0.151744127337027"
113,"0.19035208501820725,0.18061672316381294,0.16640634677213095,0.15891641539964999,0.15212580273359932,0.1515826269125995"
114,"0.19079130965107566,0.18055158904371627,0.16638459006311052,0.15882513398652887,0.15196846336752637,0.15147891388804224"
115,"0.19106889564705454,0.18086188696291605,0.1663387844529912,0.15871083822010087,0.1517520798292512,0.15126751488768617"
116,"0.19145005285960628,0.18093133844219572,0.16563610147912194,0.15873783866039784,0.1518217447034286,0.15142292385524947"
117,"0.1916096362143697,0.18088007131715556,0.16547034233157315,0.15880083444423287,0.15189835910446764,0.15134075658820118"
118,"0.19144404682407637,0.18108326494382967,0.1654566978676165,0.15878679680306276,0.1518344937227543,0.15139469983866044"
119,"0.19116810997611,0.18115832912133928,0.16573535444589335,0.15882841940579376,0.1518992889783584,0.1512104980725052"
120,"0.19202288993325317,0.18116797053298755,0.1659697446477384,0.15848658688736497,0.15154098932092191,0.15081181867773413"
121,"0.19177587898386145,0.18128834362333315,0.16598970391061652,0.15852296712606678,0.15160193451834475,0.15082117183777743"
122,"0.19223468159696286,0.18138360958983502,0.1660958193153851,0.15829166798574948,0.15137415096122916,0.1506200705508383"
123,"0.19213651852062988,0.1815434118173378,0.16603195493912706,0.1582629502395652,0.15138774286159415,0.1506374216217459"
124,"0.19239649950760906,0.1813999056066366,0.16615738620722637,0.1581289308397559,0.1513512912115636,0.15056598662720846"
125,"0.19283491311361334,0.18186271014634178,0.1659045281365035,0.1579740644733204,0.15108341341654963,0.15034037071367132"
126,"0.19293009119440696,0.18201061531844953,0.16622416716255303,0.1579078814394918,0.15081594448466557,0.15011130040043308"
127,"0.19323218626171493,0.18194877592127603,0.16609694149866663,0.15786556185695466,0.15082207756744334,0.15003445689394435"
128,"0.1934230432001127,0.18191786451046058,0.1660308083843425,0.15788553360447036,0.15076428771857528,0.14997846258203848"
129,"0.19367884741443844,0.18195933151217525,0.16590338422583153,0.15778472496017037,0.1507413206819812,0.14993239120540322"
130,"0.19384851085713217,0.18210458210645245,0.16585483445175472,0.1578221752952549,0.15053376912551403,0.14983612816389166"
131,"0.19437899117738533,0.18211666466893087,0.16568933458833118,0.15775821768323187,0.15032572807842995,0.14973106380369075"
132,"0.19479859771904845,0.1822992565391182,0.16557001184653256,0.1576850689107984,0.15006214504123955,0.14958491994326292"
133,"0.19515974011773105,0.18216867474302706,0.1654551577660318,0.1574284248774862,0.150108693808976,0.14967930868674784"
134,"0.19523775199288995,0.18201088067383184,0.16542725114576662,0.15750771377853176,0.1501555978366771,0.1496608045723027"
135,"0.1957057759361585,0.18213026797420034,0.1653733908954445,0.15734294789312517,0.1499876447878137,0.1494599725132579"
136,"0.19600360435504988,0.18203862667280185,0.16516195353615723,0.1573102596693001,0.1500088096074045,0.14947674615928644"
137,"0.19636432259317238,0.18211491655122355,0.16519088425665673,0.15733153783635004,0.14976972819344297,0.14922861056915443"
138,"0.19617086778494489,0.18205737272396427,0.1649689705326658,0.15745445652087334,0.14997157962853888,0.14937675280901294"
139,"0.1963308831026552,0.18202741521183208,0.16481078187743134,0.15744587228296092,0.15000544549463476,0.14937960203048567"
140,"0.19673091561903056,0.18239753951131812,0.16515400518148154,0.15715292753450383,0.14959213452996406,0.1489724776237018"
141,"0.19715216337084113,0.18250263982956394,0.16493140254138386,0.15707661085937683,0.1494348346145283,0.148902348784306"
142,"0.1975305351938027,0.1830540892906361,0.16489634543600404,0.15686068145412987,0.14913921563393634,0.14851913299149092"
143,"0.19776803194183615,0.18325284253995433,0.1649688602787435,0.15664497492928856,0.14904142969684447,0.14832386061333303"
144,"0.19768854966291094,0.18297451835407505,0.16486998587050922,0.15669395535047884,0.14924352377435987,0.14852946698766614"
145,"0.19784148701039395,0.18306443732087815,0.16503944688667438,0.15658907991666032,0.14909712809938683,0.14836842076600634"
146,"0.1979483010047634,0.1829909830928605,0.1650665710601702,0.15666001791685386,0.14904427997748376,0.14828984694786831"
147,"0.1978263671436798,0.18305701173309824,0.16493468291263083,0.15680182592903552,0.14914101745146893,0.14823909483008674"
148,"0.1982238210058272,0.18320023598805707,0.16480541814339597,0.15671206471567545,0.1490067101484375,0.14805174999860674"
149,"0.198168197724534,0.18341347815967418,0.1649494302584197,0.15672470738663202,0.14877121633546966,0.14797297013527033"
150,"0.19838040483889977,0.18362808057202695,0.16490274922054105,0.15649936219432672,0.1486338468864424,0.1479555562877632"
151,"0.1985886710430356,0.18368472556095322,0.16502056189914646,0.15635940331444198,0.14845460584778322,0.14789203233463954"
152,"0.19888601294942013,0.18372098795392705,0.16482664089630014,0.15614896853685964,0.1484070505600851,0.14801033910340797"
153,"0.19905423258350508,0.18383155328965936,0.16495292300137698,0.15597781848190664,0.14817848740615325,0.14800498523739866"
154,"0.19939518104469423,0.18386135405482446,0.16487391880552005,0.15589848041323068,0.14808735854401578,0.14788370713771487"
155,"0.19933895007032068,0.1837917542720312,0.16495763979535877,0.15581549418828067,0.14803969558886435,0.14805646608514436"
156,"0.1998867971185202,0.18413024356634183,0.1648857148069945,0.1555810266922655,0.14776755409600598,0.14774866371987208"
157,"0.20021107516461156,0.184528087812235,0.16493935808573912,0.1555094701600501,0.14745835384453018,0.14735365493283403"
158,"0.20038272325311074,0.1846251330466702,0.16495216079577868,0.15551471303742812,0.14739586099157978,0.1471294088754323"
159,"0.200161627146912,0.18441598906134468,0.1649125884051086,0.15544512981521832,0.14757620843108463,0.14748845714033168"
160,"0.20051158655071233,0.18486802627418225,0.16481960921676342,0.15542455791116377,0.14732974651076544,0.14704647353641284"
161,"0.2008271642301445,0.185000180452879,0.16476362414531268,0.15538162647423842,0.14724739305568718,0.14678001164173812"
162,"0.20067546707322986,0.18495476842174924,0.16496159481510614,0.15547051311150742,0.14731044278640334,0.14662721379200402"
163,"0.2006485166758497,0.1844809697268292,0.16490374896799545,0.15557721736747782,0.14750201390668793,0.14688753335515992"
164,"0.20132211994220206,0.1846809050790402,0.16468956300371757,0.15535376004515147,0.1472746051771757,0.1466790467527131"
165,"0.20103804476806747,0.18470117219974824,0.16475856155405275,0.15536323204030525,0.14739840228371742,0.1467405871541089"
166,"0.20145472890630672,0.18495699543558428,0.16490057447003523,0.15533999291341113,0.14699151624345375,0.14635619203120895"
167,"0.20162084131551117,0.18518609297856373,0.16525342736403967,0.15529406835957282,0.14654047576782953,0.14610509421448306"
168,"0.20231787843835528,0.1853852252648972,0.16512173223095297,0.15503332921662524,0.14629572819823689,0.14584610665093223"
169,"0.20178376566450207,0.1851842940751863,0.16505332860968486,0.1552175582139832,0.146641124906247,0.14611992853039643"
170,"0.20214943105307315,0.18525639177917919,0.1650694443960874,0.1551248526023479,0.14650640871417392,0.14589347145513837"
171,"0.20222078039643787,0.18519804319854372,0.16502282097265894,0.15524086417946065,0.14655225657291596,0.14576523467998284"
172,"0.20204176096736964,0.18502485345651637,0.16491540397409088,0.15531773483730513,0.14686468863909208,0.1458355581256258"
173,"0.2024836887126571,0.18510933138522906,0.16499052238288353,0.15530941819869218,0.14647898876145973,0.1456280505590784"
174,"0.2020553630169426,0.18485938241303157,0.1651589762700295,0.15548408947896764,0.1466376402698554,0.14580454855117325"
175,"0.2017917076515675,0.18496566218933005,0.16514231550716774,0.15545233631168984,0.146819457652447,0.14582852068779797"
176,"0.201584362458633,0.18494422597266336,0.16509021031741666,0.15546486964502487,0.14707507791608224,0.14584125369017978"
177,"0.20231923710572833,0.18545456535559096,0.16511092880804795,0.1551163024694375,0.1466454411109599,0.14535352515023522"
178,"0.20251751842986612,0.1856087737045364,0.16547353100622836,0.1549632601942963,0.1462865779604029,0.14515033870466984"
179,"0.20322782123929972,0.18598557561691123,0.1656230915796412,0.15458033214109249,0.1458642805547587,0.1447188988682966"
180,"0.20311581365265396,0.18578389422097236,0.16570007147588162,0.1546378566795607,0.14601688640113797,0.1447454775697935"
181,"0.20338593893054116,0.18580477866150533,0.16546958020408625,0.15460398283590554,0.14584698252753053,0.14488873684043113"
182,"0.2038489221431666,0.18591675527762078,0.1653192027316795,0.15438036707931588,0.14565705907834386,0.1448776936898734"
183,"0.2043916152477696,0.18606865809486023,0.1650931442608714,0.15423669896004047,0.14547541388652932,0.14473446954992905"
184,"0.20469778695710877,0.18653566190601445,0.1649504795692269,0.1541217040979908,0.14519786334604187,0.14449650412361734"
185,"0.20462361563371453,0.1863093559648876,0.16495801156922998,0.154286073302102,0.14520930055031667,0.14461364297974932"
186,"0.20452787736536934,0.1866313469077873,0.16501923766377685,0.15429179410398636,0.14497315955958248,0.14455658439949773"
187,"0.20400156843793435,0.186292735510383,0.16523730746738974,0.1544800836367144,0.14509619896787995,0.14489210597969854"
188,"0.20338606471316215,0.18652225259313784,0.1653562274207575,0.15455308302117202,0.1452415203744757,0.14494085187729486"
189,"0.20346082282443612,0.18695064424659844,0.16518537794630075,0.15443753079868477,0.1452291734531473,0.1447364507308326"
190,"0.20358153330259682,0.1870717900437069,0.1651547599931058,0.1543992516122221,0.14509297287947912,0.1446996921688893"
191,"0.2040481209567021,0.18737942106434463,0.16510517906014638,0.1542509256346404,0.14481197780254537,0.14440437548162127"
192,"0.20443315639334322,0.1872211903832356,0.165144027314545,0.1542327919149655,0.14459352566068936,0.14437530833322126"
193,"0.2046554359512995,0.18724341478702478,0.1654540819482189,0.15406904569837956,0.1445289922175494,0.14404902939752784"
194,"0.20495024211231547,0.18733252592553098,0.16544266951293982,0.15391230041881218,0.1444592135707585,0.14390304845964313"
195,"0.2053166550375467,0.1874398177369638,0.1653524787415934,0.15381559648691204,0.14428459328564994,0.1437908587113342"
196,"0.2052646061883897,0.18748251121698828,0.16541524593159251,0.15377675076379663,0.14436199473174371,0.1436988911674892"
197,"0.20505073365780338,0.18753599790005582,0.16546060556176068,0.15382714683177498,0.1443794541494151,0.14374606189919"
198,"0.20569180569630627,0.1881468209124467,0.16521601250762738,0.15351004602613458,0.14403373328629504,0.14340158157118987"
199,"0.20615582862706291,0.18851000441709728,0.165079047169035,0.15334571769841585,0.1438426351656212,0.14306676692276776"
200,"0.20690626538551024,0.18862705845287442,0.16484984599608454,0.15311419241792432,0.14363073692272904,0.1428719008248774"
201,"0.20683993178871918,0.18873061114079265,0.16490539720119907,0.15300993932993176,0.1436623976159483,0.14285172292340897"
202,"0.207186065342099,0.18886362018280228,0.16488344913959854,0.15291220115627976,0.14347229978659887,0.14268236439262155"
203,"0.20738319513492792,0.1889007790555544,0.16487272000302097,0.15294331314952117,0.14333041480525596,0.14256957785171956"
204,"0.20746505775294666,0.18916128863061146,0.1647613640036973,0.15289420476856364,0.14324011457892144,0.14247797026525952"
205,"0.20752683536024724,0.18897847747883673,0.1646480036140282,0.15291979833494126,0.14332313438010053,0.14260375083184598"
206,"0.20766421883429267,0.1892607523891699,0.16453189010709546,0.1528711571631307,0.14321268015013652,0.14245930135617468"
207,"0.2075434524496009,0.18918121630162235,0.1646498623449936,0.15302107649094399,0.14318833191938396,0.14241606049345534"
208,"0.20756196141409985,0.18933701980317205,0.1647198024894418,0.15304967918993095,0.1430851095206536,0.1422464275827018"
209,"0.20735428973974124,0.18954700046496464,0.16484370091252976,0.15311080537488556,0.14301925387621023,0.1421249496316686"
210,"0.2075372069397046,0.1894657895336741,0.1648237549265513,0.15315099948328292,0.14295964937782582,0.14206259973896118"
211,"0.20797863383722906,0.18926938200205265,0.1648164362190741,0.1531105593814036,0.142859046571931,0.1419659419883097"
212,"0.20797145335657802,0.18949173785648063,0.1649302540574184,0.15316852979056242,0.14275868871352596,0.14167933622543458"
213,"0.2075914163452552,0.18915244195954062,0.16499386387541257,0.15335384292850315,0.1430062259269147,0.14190220896437378"
214,"0.20810352492592007,0.1894620179486386,0.16491952169312127,0.15314577539690585,0.14274394404602492,0.14162521598938924"
215,"0.20771722592363867,0.18943762472995002,0.16502017613374548,0.15325734320392553,0.14287268047909793,0.14169494952964237"
216,"0.20782607000905137,0.18951789429523833,0.16496699146231408,0.15338055941694173,0.1428347213946232,0.1414737634218314"
217,"0.2085864606251144,0.18986127999085015,0.16479628403447036,0.15314101959868304,0.14252106589416405,0.14109388985671806"
218,"0.20898505148928898,0.18985825753280716,0.16475791364925926,0.15302836469199582,0.14238440072988987,0.14098601190675897"
219,"0.20946903314665394,0.19037837119441278,0.16465814137523568,0.1528087637835093,0.14205383460876747,0.14063185589142094"
220,"0.2088592061339889,0.19038390944016775,0.1648383359879452,0.15295443328829933,0.1422148470652018,0.14074926808439703"
221,"0.2087295230985317,0.19061900224498132,0.16484982922508135,0.1530750871751004,0.14223898971549068,0.14048756854081465"
222,"0.20925299510340586,0.1911161657806348,0.1647364302993075,0.1528079480907332,0.14192193552694693,0.14016452519897174"
223,"0.20975369212607176,0.1914287887434616,0.16451824060675424,0.15260048409677354,0.14169351588125176,0.1400052785456872"
224,"0.20957533778712248,0.1913133291074132,0.1644308319371095,0.15272233644174205,0.14174032740769277,0.14021783731892015"
225,"0.20965521503749365,0.19149195002917388,0.1643393762986345,0.15268325647282016,0.14172608742299808,0.14010411473887985"
226,"0.2102628487629641,0.19212432805016771,0.16424910609761242,0.15236381964804888,0.14132329145579597,0.13967660598541087"
227,"0.21045469744656436,0.1919397558195359,0.16395024136823064,0.15226913493949784,0.14163078672830132,0.13975538369787"
228,"0.2111358645608914,0.19277804068194712,0.16370026118222208,0.15186836198610662,0.1412016631036428,0.13931580848518987"
229,"0.21125870246321737,0.19282191349060868,0.16361170929525787,0.15192078600640013,0.14122593025457625,0.13916095848993976"
230,"0.21176033350861012,0.19250175727518656,0.1638918008108517,0.15177354438714247,0.14105653951545727,0.13901602450275186"
231,"0.2123083196389202,0.19295190114678626,0.16373755964850753,0.15150780842993755,0.14077012986756385,0.13872428126828462"
232,"0.21221287774099162,0.19294980997033212,0.16379864479371167,0.15152588431942765,0.14079538092289615,0.13871740225264081"
233,"0.21200146964749436,0.1931473409400259,0.16375622633249395,0.1516098967215969,0.14073817135032496,0.13874689500806398"
234,"0.21206317523994578,0.19310452332482544,0.16367416241599206,0.1516745912014511,0.1407342194926984,0.13874932832508738"
235,"0.21203887314581624,0.1931990229676886,0.16347534367756178,0.1517100288913268,0.14076576373266603,0.13881096758494063"
236,"0.21201562470209406,0.1934971157976159,0.1635160432076537,0.15174219256116117,0.14063659698739317,0.1385924267440821"
237,"0.21293366627828098,0.19366143094524024,0.16333628850433207,0.15141701674147082,0.14032840457616588,0.13832319295450995"
238,"0.21383549895430792,0.193790041147376,0.16314886940027984,0.15116262027636518,0.14009615389371255,0.1379668163279586"
239,"0.21371251696596422,0.19329100017310197,0.16306500648283836,0.15141025731896382,0.14035520033965762,0.13816601871947407"
240,"0.21350270267509588,0.1932206419353169,0.16311846834556004,0.15156117179993106,0.1404403120804502,0.13815670316364587"
241,"0.21392083909653875,0.19316929600837057,0.1629624978596008,0.15147899863118477,0.14036394915353828,0.1381044192507668"
242,"0.21372037711221137,0.1930153881675717,0.16315686632662055,0.15160838183480776,0.14038835090850663,0.13811063565028187"
243,"0.21375520875737059,0.1930488210819705,0.16314388305534547,0.15164989804949613,0.1403517920004258,0.1380503970553915"
244,"0.21363965838991408,0.1927075705263975,0.16338741340880825,0.15183950729824863,0.14039786719643185,0.1380279831801997"
245,"0.21412552097425952,0.19274168847256817,0.16309030580923364,0.15177049166181616,0.14031804228898473,0.13795395079313794"
246,"0.2143702160821126,0.19242724891936816,0.16306913810264018,0.15191416044812922,0.14031515334094977,0.13790408310680013"
247,"0.21425170821248962,0.19278089749708527,0.16304600886920492,0.1517354674761201,0.14024907582818455,0.13793684211691545"
248,"0.21402319550004573,0.19279281950585145,0.1630676287206703,0.15188967905376607,0.14029650269421512,0.13793017452545137"
249,"0.21432926521424825,0.19300173707473264,0.1631099112854116,0.1517406220238146,0.14008708788190682,0.13773137651988604"
250,"0.21408196962117057,0.19310082245326168,0.16303769346043925,0.15187171929426513,0.1401183827809715,0.1377894123898918"
251,"0.21407246788301432,0.19277992661040488,0.1628992501787937,0.15211558500858413,0.14026524697405485,0.13786752334514815"
252,"0.21405475584161893,0.19277630761054929,0.16304815430621108,0.152093669483665,0.14014066263071964,0.13788645012723616"
253,"0.2143677982586714,0.1932150846779269,0.16306960716747493,0.15175227769415273,0.13991690539532792,0.13767832680644618"
254,"0.21507675696114417,0.19334822452821368,0.1630042368483682,0.15170492472119862,0.13965061018813105,0.13721524675294422"
255,"0.21528353112308038,0.19357570371995483,0.1629801111024203,0.15171764097421905,0.13955409815151318,0.13688891492881222"
256,"0.21533358640832012,0.1939623413301178,0.1633106746414744,0.1516507293475611,0.1392608715237254,0.13648179674880123"
257,"0.21580286143841954,0.19412300702867583,0.16308903709618594,0.15139342935790973,0.13915971889144202,0.13643194618736695"
258,"0.21564714953797007,0.19367241475991548,0.16306006855924432,0.1517241186310582,0.13934101740629,0.1365552311055219"
259,"0.21617287625624954,0.19426817466508114,0.16272199113678745,0.1514743636252755,0.13903348277180938,0.136329111544797"
260,"0.21623545695108076,0.19448510022480167,0.16265736373072748,0.15150399231610434,0.13891027213896157,0.13620781463832415"
261,"0.2162727484092324,0.19447321277761795,0.16270440713346082,0.15134944057697142,0.13896602454699641,0.13623416655572088"
262,"0.2165516683015801,0.19481314234068722,0.16275242020113267,0.15125447494576125,0.13860489269661352,0.1360234015142253"
263,"0.2160937862756369,0.19451100663313306,0.1629269137472476,0.1515296432439374,0.13874814256753112,0.13619050753251383"
264,"0.2162184265824615,0.194562318552919,0.16281698928272492,0.15156838919688592,0.1386726394535765,0.13616123693143217"
265,"0.21658511046207896,0.194961212357682,0.16298718318948552,0.15142899988475853,0.1383242526394649,0.13571324146653002"
266,"0.21689920985691286,0.1950149331537785,0.16300144767005859,0.15129269825101505,0.1381450006320786,0.1356467104361564"
267,"0.21717181088756385,0.19496201845024425,0.16301379787062853,0.15120717827336091,0.13804529617546396,0.13559989834273853"
268,"0.21703893065074592,0.19485832136686215,0.16302963817740126,0.1513417009378838,0.13810309820049352,0.13562831066661332"
269,"0.21730520203181122,0.19504875106128006,0.16288165296958776,0.15111772432717493,0.13796714085822537,0.1356795287519206"
270,"0.2170118963854735,0.19511881567497882,0.16296308198882462,0.15123967957729545,0.13798097064150436,0.13568555573192337"
271,"0.21694996861018778,0.19516086806758476,0.16302197722577114,0.15106443314550638,0.13794642549047859,0.13585632746047138"
272,"0.2171544823673374,0.19527890410177123,0.1630313292956787,0.15119043754924563,0.13782525445724572,0.13551959222872134"
273,"0.21703106925091892,0.19507872468648937,0.1630333723676334,0.1513410506442216,0.13791617229616285,0.13559961075457405"
274,"0.21751435739980193,0.19486797820937693,0.16313335416680633,0.15133884808094905,0.13780848143179625,0.13533698071126948"
275,"0.21812418520605636,0.19528956216805282,0.16298799746913015,0.151054146947079,0.13749409639539462,0.13505001181428702"
276,"0.21799919804599363,0.1955035388289468,0.16322933599644882,0.1510384511008715,0.13747990843055896,0.13474956759718026"
277,"0.21851830758978608,0.19563089853876872,0.16318684071556988,0.15074532069751043,0.13731214974884703,0.13460648270951792"
278,"0.21873426804251334,0.1958818856498167,0.1631740181817806,0.1505805763686343,0.1371316126319299,0.13449763912532522"
279,"0.21854002913734785,0.1959638889907672,0.16309878726771537,0.15054024802486038,0.13720870986257724,0.13464833671673196"
280,"0.21836490890060706,0.19581108316685833,0.16317618137296655,0.15066030813699077,0.13727975779305895,0.13470776062951814"
281,"0.21872728437881295,0.19630289754609595,0.16328183331644625,0.15049602864452738,0.1369092493202245,0.13428270679389304"
282,"0.21845739137319212,0.19617308817675858,0.1634297057983717,0.15073114138495708,0.13701200702918104,0.13419666623753948"
283,"0.21856601453784252,0.19613014994147432,0.16357885358288424,0.1508097009869214,0.13696341098547624,0.13395186996540126"
284,"0.2190193852450451,0.19629150588784725,0.16333619753366757,0.1506465950065934,0.13688918566699315,0.1338171306598535"
285,"0.21928244511742817,0.19630250670137414,0.16338859188305016,0.1506013179296411,0.136751326548395,0.13367381182011143"
286,"0.22015808342635712,0.19673670145635233,0.16320977729232217,0.1502990784229923,0.1363394756188241,0.13325688378315187"
287,"0.22004140440534165,0.19683766800590605,0.16324136572295966,0.1503292219046115,0.13633782161528807,0.13321251834589307"
288,"0.22067563078851674,0.19711617479208973,0.16311421615146357,0.15007400552291067,0.13610130539577037,0.132918667349249"
289,"0.2207260043871376,0.19754592770947954,0.16300339340073378,0.14999850830215064,0.13595924750717805,0.13276691869332033"
290,"0.22081357369799484,0.19772672856545145,0.16298791583547212,0.149880431346443,0.13579477712703072,0.1327965734276079"
291,"0.2209023016354551,0.19749872425428774,0.16314939783390348,0.14995715298534487,0.13580813142549591,0.1326842918655128"
292,"0.22097095333891414,0.19731610014703124,0.1630964142340817,0.15000422384729745,0.13589437621743014,0.13271793221524533"
293,"0.22051921734160346,0.19702621715046612,0.16335802277533806,0.15022451871737155,0.13607125287227695,0.1328007711429438"
294,"0.22043251047045292,0.19704106331674462,0.1634973910450121,0.1502504123151939,0.13609049404193166,0.13268812881066486"
295,"0.2206485755495391,0.19690512740290494,0.16344020213334176,0.1502521078199535,0.13609911471281827,0.13265487238144244"
296,"0.22101975235285376,0.1971455749505273,0.1633700588738269,0.15010122613482044,0.13589703126408048,0.13246635642389107"
297,"0.2210522095372638,0.197208689656601,0.16334193412434944,0.1499447642877848,0.135933709346121,0.13251869304788003"
298,"0.22075744518149307,0.19706429436749748,0.16349824614185463,0.1500166679409003,0.13604362969489295,0.13261971667336148"
299,"0.22100191011754317,0.19728560482033064,0.16338841020591696,0.14993060947115286,0.1359233934891933,0.13247007189586305"
300,"0.22123075503604853,0.1974657024912494,0.1633357351705861,0.1497158376493531,0.13574978125994558,0.1325021883928173"
301,"0.2215495718555728,0.19754122785324454,0.16328991843035212,0.14957017270100664,0.13563004264922682,0.13241906651059707"
302,"0.2219066106387236,0.1977286899092682,0.1631400149608652,0.14940504263700816,0.1355267030374584,0.13229293881667653"
303,"0.22173125769071095,0.19737328235781368,0.16302338824340148,0.1495523537391452,0.13575859753825004,0.13256112043067858"
304,"0.22204781665032966,0.19735411807740527,0.16289829484583004,0.14959053352351975,0.1356870324408258,0.13242220446208935"
305,"0.2216158353435834,0.1969198184154401,0.1630290673985741,0.1498250278371453,0.1359237816142825,0.13268646939097464"
306,"0.22236121419112406,0.19715395366511493,0.16285197709762844,0.14960428400789266,0.13563113819342326,0.1323974328448166"
307,"0.22292782701494382,0.19735366231843932,0.16273820766124708,0.14939459313284426,0.13540545452302055,0.1321802553495049"
308,"0.22308706152964458,0.1981349392265554,0.1627399229717628,0.14912307796964183,0.1350693985758693,0.13184559972652607"
309,"0.22363885087674232,0.19833315066568655,0.16269684993612338,0.1489597029139931,0.13480275682372742,0.13156868878372727"
310,"0.22399874718314194,0.1988293909055531,0.16292185313098118,0.14870470045838824,0.13440088829417327,0.13114442002776233"
311,"0.224572699752664,0.19942751408983675,0.16281247682251326,0.1483858245022516,0.13402890248184487,0.1307725823508896"
312,"0.22492771549727275,0.1997694092181329,0.1625458628273865,0.1484729800179152,0.13380122587708562,0.130482806562207"
313,"0.2248927484463582,0.1998156382041008,0.16259933764637435,0.14848176215217274,0.13382771712161362,0.13038279642938025"
314,"0.2252937196423931,0.20001021668617705,0.16252352105270124,0.14828983687092528,0.1336574382105559,0.1302252675372475"
315,"0.22542704234881975,0.2002588079335478,0.16255206338475514,0.1481343019736509,0.13352333288830873,0.1301044514709177"
316,"0.22548196370400203,0.20029590566430655,0.1625020480573598,0.148162240435882,0.13352214667695245,0.13003569546149712"
317,"0.22611487486248613,0.20060823146493853,0.16249046732392933,0.14797266281136437,0.133133005412543,0.12968075812473862"
318,"0.22610912383521925,0.20076375919397593,0.16274857772860785,0.1478935616840121,0.13297846802077393,0.12950650953741097"
319,"0.2259884834910839,0.20068528243857747,0.16294654816451462,0.1479807166326803,0.1329582219309787,0.12944074734216487"
